%YAML:1.0
---
PoseState: !!opencv-matrix
   rows: 4
   cols: 4
   dt: d
   data: [ 7.4607835736772721e-01, -6.6460046786220561e-01,
       4.0906023820603127e-02, 3.7801900000000001e+02,
       -6.6585807523063922e-01, -7.4469942088394969e-01,
       4.5340888668603009e-02, 1.4598300000000000e+02,
       3.2911642742646310e-04, -6.1065462025989788e-02,
       -9.9813370899390530e-01, 4.5012999999999998e+01, 0., 0., 0., 1. ]
