%YAML:1.0
---
PoseState: !!opencv-matrix
   rows: 4
   cols: 4
   dt: d
   data: [ 6.6320436047638853e-01, -6.7702927078703223e-01,
       -3.1904755561308440e-01, 1.8299500000000000e+02,
       -5.7675056766290012e-01, -7.3398374810377487e-01,
       3.5864556350254351e-01, 4.1801200000000000e+02,
       -4.7698926502137051e-01, -5.3844442769091172e-02,
       -8.7725823851204676e-01, 7.5994999999999990e+01, 0., 0., 0., 1. ]
