%YAML:1.0
---
PoseState: !!opencv-matrix
   rows: 4
   cols: 4
   dt: d
   data: [ 7.7481834687470075e-01, -6.3212811964087212e-01,
       -8.4005776974897025e-03, 1.6400300000000001e+02,
       -6.3112288291212915e-01, -7.7268003651806727e-01,
       -6.8187006321744945e-02, 1.5100100000000000e+02,
       3.6611965408035678e-02, 5.8134340331116210e-02,
       -9.9763718979558247e-01, 4.0012000000000000e+01, 0., 0., 0., 1. ]
