%YAML:1.0
---
PoseState: !!opencv-matrix
   rows: 4
   cols: 4
   dt: d
   data: [ 7.4197232713099259e-01, -6.6926005076721395e-01,
       3.9598613850558309e-02, 4.5999899999999997e+02,
       -6.7042242601854229e-01, -7.4037802959395060e-01,
       4.8725188414119429e-02, 2.2799299999999999e+02,
       -3.2918783743475510e-03, -6.2700540202183019e-02,
       -9.9802695644713069e-01, 4.4987000000000002e+01, 0., 0., 0., 1. ]
