%YAML:1.0
---
PoseState: !!opencv-matrix
   rows: 4
   cols: 4
   dt: d
   data: [ 7.2373078973154847e-01, -6.9007686124199641e-01,
       -2.7693993831566198e-03, 2.2399299999999999e+02,
       -6.8842517661105151e-01, -7.2226488637993913e-01,
       6.6364223122222635e-02, 4.7500700000000001e+02,
       -4.7796654721763213e-02, -4.6123307350710747e-02,
       -9.9779162169084190e-01, 3.8989999999999995e+01, 0., 0., 0., 1. ]
