%YAML:1.0
---
PoseState: !!opencv-matrix
   rows: 4
   cols: 4
   dt: d
   data: [ 7.5099631618767015e-01, -6.6008749585579174e-01,
       -1.7000908428025249e-02, 2.4800600000000000e+02,
       -6.5918592274725019e-01, -7.5097270183655629e-01,
       3.8909129367768601e-02, 2.8599900000000002e+02,
       -3.8450647906169443e-02, -1.8013853311594392e-02,
       -9.9909811768637768e-01, 4.0006999999999998e+01, 0., 0., 0., 1. ]
