%YAML:1.0
---
PoseState: !!opencv-matrix
   rows: 4
   cols: 4
   dt: d
   data: [ 7.4499846467551478e-01, -6.6706381657309932e-01,
       1.7754577035243232e-03, 5.0998000000000005e+01,
       -6.6455294663044717e-01, -7.4195816320800034e-01,
       8.8698732650479492e-02, 2.8999500000000000e+02,
       -5.7850399790465412e-02, -6.7260305291765951e-02,
       -9.9605691733763013e-01, 57., 0., 0., 0., 1. ]
