%YAML:1.0
---
PoseState: !!opencv-matrix
   rows: 4
   cols: 4
   dt: d
   data: [ 7.0638439974171641e-01, -6.9510154030065729e-01,
       1.3362233523325898e-01, 2.9701100000000002e+02,
       -7.0056756890208294e-01, -7.1353762238904783e-01,
       -8.3152172557452234e-03, 3.8598800000000000e+02,
       1.0112448370281500e-01, -8.7737734795461819e-02,
       -9.9099744131294354e-01, 3.9012000000000000e+01, 0., 0., 0., 1. ]
