%YAML:1.0
---
PoseState: !!opencv-matrix
   rows: 4
   cols: 4
   dt: d
   data: [ 7.3954919159229926e-01, -6.7279135163242565e-01,
       2.0464368638948308e-02, 1.1299800000000000e+02,
       -6.7310133500746872e-01, -7.3926290340835032e-01,
       2.0614374970390079e-02, 4.1299400000000003e+02,
       1.2593753770613302e-03, -2.9019938195493589e-02,
       -9.9957803955508628e-01, 4.1969000000000001e+01, 0., 0., 0., 1. ]
