%YAML:1.0
---
PoseState: !!opencv-matrix
   rows: 4
   cols: 4
   dt: d
   data: [ 7.4043815182080530e-01, -6.7065942456201355e-01,
       4.4354025458117105e-02, 2.8299600000000004e+02,
       -6.7184877151593458e-01, -7.4041111179933783e-01,
       2.0263606209120724e-02, 5.6967999999999996e+01,
       1.9250234822460466e-02, -4.4803144646528403e-02,
       -9.9881034570586158e-01, 4.0987000000000002e+01, 0., 0., 0., 1. ]
