%YAML:1.0
---
PoseState: !!opencv-matrix
   rows: 4
   cols: 4
   dt: d
   data: [ 6.3178252105118171e-01, -6.5670550330367394e-01,
       4.1181152002449051e-01, 2.9900900000000001e+02,
       -6.1373640922724837e-01, -7.4830320722214816e-01,
       -2.5173384764447199e-01, 1.4498099999999999e+02,
       4.7347488432128748e-01, -9.3702678679507309e-02,
       -8.7580896428686350e-01, 1.5400600000000000e+02, 0., 0., 0., 1. ]
