%YAML:1.0
---
PoseState: !!opencv-matrix
   rows: 4
   cols: 4
   dt: d
   data: [ 6.6103109483347311e-01, -6.3981726277002338e-01,
       3.9200990028918342e-01, 4.4698399999999998e+02,
       -5.8686188901840697e-01, -7.6638325887859737e-01,
       -2.6124667218620862e-01, 2.0198699999999999e+02,
       4.6757995560225579e-01, -5.7363496860776644e-02,
       -8.8208753213436630e-01, 7.5965000000000003e+01, 0., 0., 0., 1. ]
