%YAML:1.0
---
PoseState: !!opencv-matrix
   rows: 4
   cols: 4
   dt: d
   data: [ 6.3228875290794273e-01, -7.1617624444176675e-01,
       -2.9546999821200892e-01, 5.2996000000000002e+01,
       -6.2821876199402826e-01, -6.9714854838803919e-01,
       3.4543463717343059e-01, 3.2100800000000004e+02,
       -4.5337856149669054e-01, -3.2794639466470127e-02,
       -8.9071453990459559e-01, 7.1998000000000005e+01, 0., 0., 0., 1. ]
