%YAML:1.0
---
PoseState: !!opencv-matrix
   rows: 4
   cols: 4
   dt: d
   data: [ 6.5645376714990111e-01, -6.8303274891372401e-01,
       -3.2021042379358211e-01, 2.0404700000000000e+02,
       -5.5514780522955642e-01, -7.2481377460995344e-01,
       4.0799008135551351e-01, 3.9398100000000005e+02,
       -5.1076351273706933e-01, -9.0062511884988233e-02,
       -8.5499086428420745e-01, 1.7097000000000000e+02, 0., 0., 0., 1. ]
