%YAML:1.0
---
PoseState: !!opencv-matrix
   rows: 4
   cols: 4
   dt: d
   data: [ 7.3476976784862669e-01, -6.2694972572481855e-01,
       2.5893518430149509e-01, 2.2802100000000002e+02,
       -6.7799169845780438e-01, -6.6698932246168763e-01,
       3.0895388093435533e-01, 3.2401200000000000e+02,
       -2.0991547774665872e-02, -4.0256587676512395e-01,
       -9.1515029901451173e-01, 1.9201900000000001e+02, 0., 0., 0., 1. ]
