%YAML:1.0
---
PoseState: !!opencv-matrix
   rows: 4
   cols: 4
   dt: d
   data: [ 6.6565391745868663e-01, -6.8137151026331944e-01,
       -3.0436446437353326e-01, 3.2602400000000000e+02,
       -5.8465335881791647e-01, -7.2962188705503395e-01,
       3.5472856094932737e-01, 3.4599200000000002e+02,
       -4.6377291015628896e-01, -5.8178749829600002e-02,
       -8.8404180946006861e-01, 8.4998000000000005e+01, 0., 0., 0., 1. ]
