%YAML:1.0
---
PoseState: !!opencv-matrix
   rows: 4
   cols: 4
   dt: d
   data: [ 9.9927808786751882e-01, 1.6595316374261985e-02,
       -3.4174531193168330e-02, 2.9098700000000002e+02,
       3.2157055645764113e-02, -8.4847045660317477e-01,
       5.2826490328602616e-01, 3.9201499999999999e+02,
       -2.0229356886216472e-02, -5.2898249474442671e-01,
       -8.4839159199860770e-01, 9.8995000000000005e+01, 0., 0., 0., 1. ]
