%YAML:1.0
---
PoseState: !!opencv-matrix
   rows: 4
   cols: 4
   dt: d
   data: [ 6.4947196042585142e-01, -6.6297141754893585e-01,
       3.7236416601729538e-01, 2.9900300000000004e+02,
       -5.9308099078716237e-01, -7.4813651169434081e-01,
       -2.9756797246468097e-01, 5.9970999999999997e+01,
       4.7585828876622405e-01, -2.7580054078590821e-02,
       -8.7908943209977375e-01, 8.2991999999999990e+01, 0., 0., 0., 1. ]
