%YAML:1.0
---
PoseState: !!opencv-matrix
   rows: 4
   cols: 4
   dt: d
   data: [ 6.3598344421161446e-01, -6.5017277807531937e-01,
       4.1569269579649015e-01, 1.7399500000000000e+02,
       -6.0079453745708011e-01, -7.5523018101343620e-01,
       -2.6205590519609578e-01, 1.8900300000000001e+02,
       4.8432528578473477e-01, -8.3082683732733739e-02,
       -8.7093414516443268e-01, 6.7991999999999990e+01, 0., 0., 0., 1. ]
