%YAML:1.0
---
PoseState: !!opencv-matrix
   rows: 4
   cols: 4
   dt: d
   data: [ 7.5785470280666389e-01, -6.4467725425822053e-01,
       1.0023715516665632e-01, 2.3000100000000000e+02,
       -6.4671345529509938e-01, -7.6258498939768560e-01,
       -1.5027996726277561e-02, 2.6298899999999998e+02,
       8.6127557576516939e-02, -5.3435678974006744e-02,
       -9.9485007515629731e-01, 1.8800900000000001e+02, 0., 0., 0., 1. ]
