%YAML:1.0
---
PoseState: !!opencv-matrix
   rows: 4
   cols: 4
   dt: d
   data: [ 7.3452011993362065e-01, -6.5721108986522880e-01,
       1.6897862814823017e-01, 4.2398400000000004e+02,
       -4.3894892663803792e-01, -6.5006484737443904e-01,
       -6.2027375731314160e-01, 1.4100399999999999e+02,
       5.1749785817529148e-01, 3.8143056716289253e-01,
       -7.6596781212906095e-01, 1.8898000000000002e+02, 0., 0., 0., 1. ]
