%YAML:1.0
---
Per pose residuals for rotation in deg and translation in mm: !!opencv-matrix
   rows: 21
   cols: 2
   dt: d
   data: [ 5.0270573685573738e-01, 4.4394497630779357e+00,
       7.2533438964957314e-02, 1.7271505937818210e+00,
       4.5836997528926948e-01, 3.6962284398042007e+00,
       2.7287580221304986e-01, 2.0353841690646646e+00,
       3.9490796148324075e-01, 3.7333452787820178e+00,
       2.3683798631546124e-01, 6.1656313639035720e-01,
       3.9836721229448163e-01, 2.3525673572617043e+00,
       4.7034925322003102e-01, 3.7014026647066842e+00,
       2.0686656545708107e-01, 1.0770148126193602e+00,
       8.7377681408415897e-02, 2.3213691508947942e+00,
       3.8475130736714702e-01, 2.9719630860813311e+00,
       2.8702944302218980e-01, 1.2933709827288982e+00,
       2.7579599979783892e-01, 3.4236208726568327e+00,
       2.8026072294979182e-01, 3.7099504377811883e+00,
       4.8086030764993781e-01, 5.3010001507370585e+00,
       1.8470277108961969e-01, 2.2378607588604602e+00,
       1.7933458239029826e-01, 2.9113409658882148e+00,
       1.8000339804472837e-01, 1.3675204468005073e+00,
       2.4759171089028026e-01, 2.5385698518137385e+00,
       6.9030845084822900e-01, 9.1133377152945947e+00,
       3.4141613681363331e-01, 4.2204192309224835e+00 ]
