%YAML:1.0
---
PoseState: !!opencv-matrix
   rows: 4
   cols: 4
   dt: d
   data: [ -7.4371071761218333e-01, 6.4137429552001590e-01,
       -1.8850300144818499e-01, 5.5624890328853940e+02,
       6.6771514067097937e-01, 6.9901839147470424e-01,
       -2.5598784990473966e-01, 6.3184345158359383e+02,
       -3.2416962033871830e-02, -3.1624721568153047e-01,
       -9.4812279750366413e-01, 1.1776240567359448e+03, 0., 0., 0., 1. ]
