%YAML:1.0
---
PoseState: !!opencv-matrix
   rows: 4
   cols: 4
   dt: d
   data: [ 7.3447609807120562e-01, -6.1650338553525141e-01,
       -2.8366959122484392e-01, 5.2373039164339070e+02,
       -6.6951815794908043e-01, -5.8998474029540371e-01,
       -4.5129086229951004e-01, 6.6646665423154093e+02,
       1.1086161436027800e-01, 5.2138429381995999e-01,
       -8.4608990102665493e-01, 4.0205635906032558e+02, 0., 0., 0., 1. ]
